(kicad_pcb (version 20171130) (host pcbnew "(5.0.0)")

  (general
    (thickness 1.6)
    (drawings 39)
    (tracks 444)
    (zones 0)
    (modules 61)
    (nets 73)
  )

  (page A4)
  (layers
    (0 F.Cu signal)
    (31 B.Cu signal)
    (32 B.Adhes user)
    (33 F.Adhes user)
    (34 B.Paste user)
    (35 F.Paste user)
    (36 B.SilkS user)
    (37 F.SilkS user)
    (38 B.Mask user)
    (39 F.Mask user)
    (40 Dwgs.User user)
    (41 Cmts.User user)
    (42 Eco1.User user)
    (43 Eco2.User user)
    (44 Edge.Cuts user)
    (45 Margin user)
    (46 B.CrtYd user)
    (47 F.CrtYd user)
    (48 B.Fab user hide)
    (49 F.Fab user hide)
  )

  (setup
    (last_trace_width 0.25)
    (user_trace_width 0.25)
    (user_trace_width 0.5)
    (user_trace_width 0.75)
    (user_trace_width 1)
    (user_trace_width 1.25)
    (user_trace_width 1.5)
    (user_trace_width 2)
    (user_trace_width 3)
    (trace_clearance 0.2)
    (zone_clearance 0.508)
    (zone_45_only no)
    (trace_min 0.2)
    (segment_width 0.2)
    (edge_width 0.15)
    (via_size 0.8)
    (via_drill 0.4)
    (via_min_size 0.4)
    (via_min_drill 0.3)
    (user_via 0.6 0.3)
    (user_via 1 0.6)
    (user_via 2 1.2)
    (user_via 3 2)
    (uvia_size 0.3)
    (uvia_drill 0.1)
    (uvias_allowed no)
    (uvia_min_size 0.2)
    (uvia_min_drill 0.1)
    (pcb_text_width 0.3)
    (pcb_text_size 1.5 1.5)
    (mod_edge_width 0.15)
    (mod_text_size 1 1)
    (mod_text_width 0.15)
    (pad_size 1.524 1.524)
    (pad_drill 0.762)
    (pad_to_mask_clearance 0.2)
    (aux_axis_origin 0 0)
    (visible_elements 7FFFFFFF)
    (pcbplotparams
      (layerselection 0x010fc_ffffffff)
      (usegerberextensions false)
      (usegerberattributes false)
      (usegerberadvancedattributes false)
      (creategerberjobfile false)
      (excludeedgelayer true)
      (linewidth 0.100000)
      (plotframeref false)
      (viasonmask false)
      (mode 1)
      (useauxorigin false)
      (hpglpennumber 1)
      (hpglpenspeed 20)
      (hpglpendiameter 15.000000)
      (psnegative false)
      (psa4output false)
      (plotreference true)
      (plotvalue true)
      (plotinvisibletext false)
      (padsonsilk false)
      (subtractmaskfromsilk false)
      (outputformat 1)
      (mirror false)
      (drillshape 1)
      (scaleselection 1)
      (outputdirectory ""))
  )

  (net 0 "")
  (net 1 "Net-(C1-Pad1)")
  (net 2 GND)
  (net 3 "Net-(C2-Pad1)")
  (net 4 "Net-(C3-Pad1)")
  (net 5 "Net-(C7-Pad1)")
  (net 6 "Net-(C10-Pad1)")
  (net 7 "Net-(C11-Pad1)")
  (net 8 "Net-(C12-Pad1)")
  (net 9 SDI)
  (net 10 SDO)
  (net 11 SS1)
  (net 12 SCK1)
  (net 13 "Net-(C18-Pad1)")
  (net 14 "Net-(D1-Pad2)")
  (net 15 "Net-(D2-Pad2)")
  (net 16 "Net-(D3-Pad2)")
  (net 17 "Net-(D4-Pad2)")
  (net 18 "Net-(D5-Pad2)")
  (net 19 Reset_Out)
  (net 20 +3V3)
  (net 21 +5V)
  (net 22 Reset_A)
  (net 23 Reset_B)
  (net 24 Tx_A)
  (net 25 Tx_B)
  (net 26 Rx_A)
  (net 27 Rx_B)
  (net 28 Sync_A)
  (net 29 Sync_B)
  (net 30 "Net-(J3-Pad9)")
  (net 31 "Net-(J3-Pad10)")
  (net 32 "Net-(J3-Pad11)")
  (net 33 "Net-(J3-Pad12)")
  (net 34 "Net-(J3-Pad13)")
  (net 35 "Net-(J3-Pad14)")
  (net 36 "Net-(J3-Pad15)")
  (net 37 "Net-(J3-Pad16)")
  (net 38 "Net-(J5-Pad8)")
  (net 39 "Net-(J5-Pad7)")
  (net 40 "Net-(J5-Pad6)")
  (net 41 ICSPCLK)
  (net 42 ICSPDAT)
  (net 43 Vpp)
  (net 44 Reset)
  (net 45 "Net-(R4-Pad2)")
  (net 46 Tx_En)
  (net 47 "Net-(R14-Pad2)")
  (net 48 "Net-(R15-Pad2)")
  (net 49 "Net-(R16-Pad2)")
  (net 50 "Net-(R17-Pad2)")
  (net 51 "Net-(R18-Pad2)")
  (net 52 Rx)
  (net 53 Tx)
  (net 54 "Net-(U3-Pad1)")
  (net 55 "Net-(U4-Pad1)")
  (net 56 Sync)
  (net 57 "Net-(U5-Pad1)")
  (net 58 "Net-(U6-Pad18)")
  (net 59 "Net-(J3-Pad4)")
  (net 60 "Net-(J3-Pad6)")
  (net 61 "Net-(J3-Pad8)")
  (net 62 "Net-(J3-Pad5)")
  (net 63 "Net-(J3-Pad7)")
  (net 64 "Net-(J4-Pad1)")
  (net 65 "Net-(J4-Pad2)")
  (net 66 "Net-(J4-Pad3)")
  (net 67 "Net-(J4-Pad4)")
  (net 68 "Net-(J4-Pad5)")
  (net 69 "Net-(J4-Pad6)")
  (net 70 "Net-(J4-Pad7)")
  (net 71 "Net-(J4-Pad8)")
  (net 72 +3.3VP)

  (net_class Default "This is the default net class."
    (clearance 0.2)
    (trace_width 0.25)
    (via_dia 0.8)
    (via_drill 0.4)
    (uvia_dia 0.3)
    (uvia_drill 0.1)
    (add_net +3.3VP)
    (add_net +3V3)
    (add_net +5V)
    (add_net GND)
    (add_net ICSPCLK)
    (add_net ICSPDAT)
    (add_net "Net-(C1-Pad1)")
    (add_net "Net-(C10-Pad1)")
    (add_net "Net-(C11-Pad1)")
    (add_net "Net-(C12-Pad1)")
    (add_net "Net-(C18-Pad1)")
    (add_net "Net-(C2-Pad1)")
    (add_net "Net-(C3-Pad1)")
    (add_net "Net-(C7-Pad1)")
    (add_net "Net-(D1-Pad2)")
    (add_net "Net-(D2-Pad2)")
    (add_net "Net-(D3-Pad2)")
    (add_net "Net-(D4-Pad2)")
    (add_net "Net-(D5-Pad2)")
    (add_net "Net-(J3-Pad10)")
    (add_net "Net-(J3-Pad11)")
    (add_net "Net-(J3-Pad12)")
    (add_net "Net-(J3-Pad13)")
    (add_net "Net-(J3-Pad14)")
    (add_net "Net-(J3-Pad15)")
    (add_net "Net-(J3-Pad16)")
    (add_net "Net-(J3-Pad4)")
    (add_net "Net-(J3-Pad5)")
    (add_net "Net-(J3-Pad6)")
    (add_net "Net-(J3-Pad7)")
    (add_net "Net-(J3-Pad8)")
    (add_net "Net-(J3-Pad9)")
    (add_net "Net-(J4-Pad1)")
    (add_net "Net-(J4-Pad2)")
    (add_net "Net-(J4-Pad3)")
    (add_net "Net-(J4-Pad4)")
    (add_net "Net-(J4-Pad5)")
    (add_net "Net-(J4-Pad6)")
    (add_net "Net-(J4-Pad7)")
    (add_net "Net-(J4-Pad8)")
    (add_net "Net-(J5-Pad6)")
    (add_net "Net-(J5-Pad7)")
    (add_net "Net-(J5-Pad8)")
    (add_net "Net-(R14-Pad2)")
    (add_net "Net-(R15-Pad2)")
    (add_net "Net-(R16-Pad2)")
    (add_net "Net-(R17-Pad2)")
    (add_net "Net-(R18-Pad2)")
    (add_net "Net-(R4-Pad2)")
    (add_net "Net-(U3-Pad1)")
    (add_net "Net-(U4-Pad1)")
    (add_net "Net-(U5-Pad1)")
    (add_net "Net-(U6-Pad18)")
    (add_net Reset)
    (add_net Reset_A)
    (add_net Reset_B)
    (add_net Reset_Out)
    (add_net Rx)
    (add_net Rx_A)
    (add_net Rx_B)
    (add_net SCK1)
    (add_net SDI)
    (add_net SDO)
    (add_net SS1)
    (add_net Sync)
    (add_net Sync_A)
    (add_net Sync_B)
    (add_net Tx)
    (add_net Tx_A)
    (add_net Tx_B)
    (add_net Tx_En)
    (add_net Vpp)
  )

  (module Connector_PinHeader_2.54mm:PinHeader_2x08_P2.54mm_Vertical (layer F.Cu) (tedit 59FED5CC) (tstamp 5BD07270)
    (at 134.62 45.72 270)
    (descr "Through hole straight pin header, 2x08, 2.54mm pitch, double rows")
    (tags "Through hole pin header THT 2x08 2.54mm double row")
    (path /5BCE4FC3)
    (fp_text reference J1 (at -0.22 20.62) (layer F.SilkS)
      (effects (font (size 1 1) (thickness 0.15)))
    )
    (fp_text value Conn_02x08_Top_Bottom (at 1.27 20.11 270) (layer F.Fab)
      (effects (font (size 1 1) (thickness 0.15)))
    )
    (fp_text user %R (at 1.27 8.89) (layer F.Fab)
      (effects (font (size 1 1) (thickness 0.15)))
    )
    (fp_line (start 4.35 -1.8) (end -1.8 -1.8) (layer F.CrtYd) (width 0.05))
    (fp_line (start 4.35 19.55) (end 4.35 -1.8) (layer F.CrtYd) (width 0.05))
    (fp_line (start -1.8 19.55) (end 4.35 19.55) (layer F.CrtYd) (width 0.05))
    (fp_line (start -1.8 -1.8) (end -1.8 19.55) (layer F.CrtYd) (width 0.05))
    (fp_line (start -1.33 -1.33) (end 0 -1.33) (layer F.SilkS) (width 0.12))
    (fp_line (start -1.33 0) (end -1.33 -1.33) (layer F.SilkS) (width 0.12))
    (fp_line (start 1.27 -1.33) (end 3.87 -1.33) (layer F.SilkS) (width 0.12))
    (fp_line (start 1.27 1.27) (end 1.27 -1.33) (layer F.SilkS) (width 0.12))
    (fp_line (start -1.33 1.27) (end 1.27 1.27) (layer F.SilkS) (width 0.12))
    (fp_line (start 3.87 -1.33) (end 3.87 19.11) (layer F.SilkS) (width 0.12))
    (fp_line (start -1.33 1.27) (end -1.33 19.11) (layer F.SilkS) (width 0.12))
    (fp_line (start -1.33 19.11) (end 3.87 19.11) (layer F.SilkS) (width 0.12))
    (fp_line (start -1.27 0) (end 0 -1.27) (layer F.Fab) (width 0.1))
    (fp_line (start -1.27 19.05) (end -1.27 0) (layer F.Fab) (width 0.1))
    (fp_line (start 3.81 19.05) (end -1.27 19.05) (layer F.Fab) (width 0.1))
    (fp_line (start 3.81 -1.27) (end 3.81 19.05) (layer F.Fab) (width 0.1))
    (fp_line (start 0 -1.27) (end 3.81 -1.27) (layer F.Fab) (width 0.1))
    (pad 16 thru_hole oval (at 2.54 17.78 270) (size 1.7 1.7) (drill 1) (layers *.Cu *.Mask)
      (net 2 GND))
    (pad 15 thru_hole oval (at 0 17.78 270) (size 1.7 1.7) (drill 1) (layers *.Cu *.Mask)
      (net 72 +3.3VP))
    (pad 14 thru_hole oval (at 2.54 15.24 270) (size 1.7 1.7) (drill 1) (layers *.Cu *.Mask)
      (net 12 SCK1))
    (pad 13 thru_hole oval (at 0 15.24 270) (size 1.7 1.7) (drill 1) (layers *.Cu *.Mask)
      (net 72 +3.3VP))
    (pad 12 thru_hole oval (at 2.54 12.7 270) (size 1.7 1.7) (drill 1) (layers *.Cu *.Mask)
      (net 2 GND))
    (pad 11 thru_hole oval (at 0 12.7 270) (size 1.7 1.7) (drill 1) (layers *.Cu *.Mask)
      (net 2 GND))
    (pad 10 thru_hole oval (at 2.54 10.16 270) (size 1.7 1.7) (drill 1) (layers *.Cu *.Mask)
      (net 11 SS1))
    (pad 9 thru_hole oval (at 0 10.16 270) (size 1.7 1.7) (drill 1) (layers *.Cu *.Mask)
      (net 2 GND))
    (pad 8 thru_hole oval (at 2.54 7.62 270) (size 1.7 1.7) (drill 1) (layers *.Cu *.Mask)
      (net 2 GND))
    (pad 7 thru_hole oval (at 0 7.62 270) (size 1.7 1.7) (drill 1) (layers *.Cu *.Mask)
      (net 21 +5V))
    (pad 6 thru_hole oval (at 2.54 5.08 270) (size 1.7 1.7) (drill 1) (layers *.Cu *.Mask)
      (net 10 SDO))
    (pad 5 thru_hole oval (at 0 5.08 270) (size 1.7 1.7) (drill 1) (layers *.Cu *.Mask)
      (net 21 +5V))
    (pad 4 thru_hole oval (at 2.54 2.54 270) (size 1.7 1.7) (drill 1) (layers *.Cu *.Mask)
      (net 2 GND))
    (pad 3 thru_hole oval (at 0 2.54 270) (size 1.7 1.7) (drill 1) (layers *.Cu *.Mask)
      (net 2 GND))
    (pad 2 thru_hole oval (at 2.54 0 270) (size 1.7 1.7) (drill 1) (layers *.Cu *.Mask)
      (net 9 SDI))
    (pad 1 thru_hole rect (at 0 0 270) (size 1.7 1.7) (drill 1) (layers *.Cu *.Mask)
      (net 2 GND))
    (model ${KISYS3DMOD}/Connector_PinHeader_2.54mm.3dshapes/PinHeader_2x08_P2.54mm_Vertical.wrl
      (at (xyz 0 0 0))
      (scale (xyz 1 1 1))
      (rotate (xyz 0 0 0))
    )
  )

  (module Capacitor_SMD:C_1206_3216Metric (layer F.Cu) (tedit 5B301BBE) (tstamp 5BBBFCD8)
    (at 141.224 72.136 180)
    (descr "Capacitor SMD 1206 (3216 Metric), square (rectangular) end terminal, IPC_7351 nominal, (Body size source: http://www.tortai-tech.com/upload/download/2011102023233369053.pdf), generated with kicad-footprint-generator")
    (tags capacitor)
    (path /5BD0A580)
    (attr smd)
    (fp_text reference C3 (at 0 0 90) (layer F.SilkS)
      (effects (font (size 1 1) (thickness 0.15)))
    )
    (fp_text value 2.2u (at 0 1.82 180) (layer F.Fab)
      (effects (font (size 1 1) (thickness 0.15)))
    )
    (fp_text user %R (at 0 0 180) (layer F.Fab)
      (effects (font (size 0.8 0.8) (thickness 0.12)))
    )
    (fp_line (start 2.28 1.12) (end -2.28 1.12) (layer F.CrtYd) (width 0.05))
    (fp_line (start 2.28 -1.12) (end 2.28 1.12) (layer F.CrtYd) (width 0.05))
    (fp_line (start -2.28 -1.12) (end 2.28 -1.12) (layer F.CrtYd) (width 0.05))
    (fp_line (start -2.28 1.12) (end -2.28 -1.12) (layer F.CrtYd) (width 0.05))
    (fp_line (start -0.602064 0.91) (end 0.602064 0.91) (layer F.SilkS) (width 0.12))
    (fp_line (start -0.602064 -0.91) (end 0.602064 -0.91) (layer F.SilkS) (width 0.12))
    (fp_line (start 1.6 0.8) (end -1.6 0.8) (layer F.Fab) (width 0.1))
    (fp_line (start 1.6 -0.8) (end 1.6 0.8) (layer F.Fab) (width 0.1))
    (fp_line (start -1.6 -0.8) (end 1.6 -0.8) (layer F.Fab) (width 0.1))
    (fp_line (start -1.6 0.8) (end -1.6 -0.8) (layer F.Fab) (width 0.1))
    (pad 2 smd roundrect (at 1.4 0 180) (size 1.25 1.75) (layers F.Cu F.Paste F.Mask) (roundrect_rratio 0.2)
      (net 2 GND))
    (pad 1 smd roundrect (at -1.4 0 180) (size 1.25 1.75) (layers F.Cu F.Paste F.Mask) (roundrect_rratio 0.2)
      (net 4 "Net-(C3-Pad1)"))
    (model ${KISYS3DMOD}/Capacitor_SMD.3dshapes/C_1206_3216Metric.wrl
      (at (xyz 0 0 0))
      (scale (xyz 1 1 1))
      (rotate (xyz 0 0 0))
    )
  )

  (module Capacitor_SMD:C_1206_3216Metric (layer F.Cu) (tedit 5B301BBE) (tstamp 5BBBFCA8)
    (at 141.224 74.676 180)
    (descr "Capacitor SMD 1206 (3216 Metric), square (rectangular) end terminal, IPC_7351 nominal, (Body size source: http://www.tortai-tech.com/upload/download/2011102023233369053.pdf), generated with kicad-footprint-generator")
    (tags capacitor)
    (path /5BD0A587)
    (attr smd)
    (fp_text reference C6 (at 0 0 90) (layer F.SilkS)
      (effects (font (size 1 1) (thickness 0.15)))
    )
    (fp_text value 100n (at 0 1.82 180) (layer F.Fab)
      (effects (font (size 1 1) (thickness 0.15)))
    )
    (fp_line (start -1.6 0.8) (end -1.6 -0.8) (layer F.Fab) (width 0.1))
    (fp_line (start -1.6 -0.8) (end 1.6 -0.8) (layer F.Fab) (width 0.1))
    (fp_line (start 1.6 -0.8) (end 1.6 0.8) (layer F.Fab) (width 0.1))
    (fp_line (start 1.6 0.8) (end -1.6 0.8) (layer F.Fab) (width 0.1))
    (fp_line (start -0.602064 -0.91) (end 0.602064 -0.91) (layer F.SilkS) (width 0.12))
    (fp_line (start -0.602064 0.91) (end 0.602064 0.91) (layer F.SilkS) (width 0.12))
    (fp_line (start -2.28 1.12) (end -2.28 -1.12) (layer F.CrtYd) (width 0.05))
    (fp_line (start -2.28 -1.12) (end 2.28 -1.12) (layer F.CrtYd) (width 0.05))
    (fp_line (start 2.28 -1.12) (end 2.28 1.12) (layer F.CrtYd) (width 0.05))
    (fp_line (start 2.28 1.12) (end -2.28 1.12) (layer F.CrtYd) (width 0.05))
    (fp_text user %R (at 0 0 180) (layer F.Fab)
      (effects (font (size 0.8 0.8) (thickness 0.12)))
    )
    (pad 1 smd roundrect (at -1.4 0 180) (size 1.25 1.75) (layers F.Cu F.Paste F.Mask) (roundrect_rratio 0.2)
      (net 4 "Net-(C3-Pad1)"))
    (pad 2 smd roundrect (at 1.4 0 180) (size 1.25 1.75) (layers F.Cu F.Paste F.Mask) (roundrect_rratio 0.2)
      (net 2 GND))
    (model ${KISYS3DMOD}/Capacitor_SMD.3dshapes/C_1206_3216Metric.wrl
      (at (xyz 0 0 0))
      (scale (xyz 1 1 1))
      (rotate (xyz 0 0 0))
    )
  )

  (module Resistor_SMD:R_1206_3216Metric (layer F.Cu) (tedit 5B301BBD) (tstamp 5BBBFC78)
    (at 141.224 69.723)
    (descr "Resistor SMD 1206 (3216 Metric), square (rectangular) end terminal, IPC_7351 nominal, (Body size source: http://www.tortai-tech.com/upload/download/2011102023233369053.pdf), generated with kicad-footprint-generator")
    (tags resistor)
    (path /5BD0A579)
    (attr smd)
    (fp_text reference R3 (at 0 -1.905) (layer F.SilkS)
      (effects (font (size 1 1) (thickness 0.15)))
    )
    (fp_text value 1E (at 0 1.82) (layer F.Fab)
      (effects (font (size 1 1) (thickness 0.15)))
    )
    (fp_text user %R (at 0 0) (layer F.Fab)
      (effects (font (size 0.8 0.8) (thickness 0.12)))
    )
    (fp_line (start 2.28 1.12) (end -2.28 1.12) (layer F.CrtYd) (width 0.05))
    (fp_line (start 2.28 -1.12) (end 2.28 1.12) (layer F.CrtYd) (width 0.05))
    (fp_line (start -2.28 -1.12) (end 2.28 -1.12) (layer F.CrtYd) (width 0.05))
    (fp_line (start -2.28 1.12) (end -2.28 -1.12) (layer F.CrtYd) (width 0.05))
    (fp_line (start -0.602064 0.91) (end 0.602064 0.91) (layer F.SilkS) (width 0.12))
    (fp_line (start -0.602064 -0.91) (end 0.602064 -0.91) (layer F.SilkS) (width 0.12))
    (fp_line (start 1.6 0.8) (end -1.6 0.8) (layer F.Fab) (width 0.1))
    (fp_line (start 1.6 -0.8) (end 1.6 0.8) (layer F.Fab) (width 0.1))
    (fp_line (start -1.6 -0.8) (end 1.6 -0.8) (layer F.Fab) (width 0.1))
    (fp_line (start -1.6 0.8) (end -1.6 -0.8) (layer F.Fab) (width 0.1))
    (pad 2 smd roundrect (at 1.4 0) (size 1.25 1.75) (layers F.Cu F.Paste F.Mask) (roundrect_rratio 0.2)
      (net 4 "Net-(C3-Pad1)"))
    (pad 1 smd roundrect (at -1.4 0) (size 1.25 1.75) (layers F.Cu F.Paste F.Mask) (roundrect_rratio 0.2)
      (net 21 +5V))
    (model ${KISYS3DMOD}/Resistor_SMD.3dshapes/R_1206_3216Metric.wrl
      (at (xyz 0 0 0))
      (scale (xyz 1 1 1))
      (rotate (xyz 0 0 0))
    )
  )

  (module LED_SMD:LED_1206_3216Metric (layer F.Cu) (tedit 5B301BBE) (tstamp 5BBBAC81)
    (at 109.728 58.166 270)
    (descr "LED SMD 1206 (3216 Metric), square (rectangular) end terminal, IPC_7351 nominal, (Body size source: http://www.tortai-tech.com/upload/download/2011102023233369053.pdf), generated with kicad-footprint-generator")
    (tags diode)
    (path /5BD07CAE)
    (attr smd)
    (fp_text reference D2 (at 0 0) (layer F.SilkS)
      (effects (font (size 1 1) (thickness 0.15)))
    )
    (fp_text value "LED YE" (at 0 1.82 270) (layer F.Fab)
      (effects (font (size 1 1) (thickness 0.15)))
    )
    (fp_text user %R (at 0 0 270) (layer F.Fab)
      (effects (font (size 0.8 0.8) (thickness 0.12)))
    )
    (fp_line (start 2.28 1.12) (end -2.28 1.12) (layer F.CrtYd) (width 0.05))
    (fp_line (start 2.28 -1.12) (end 2.28 1.12) (layer F.CrtYd) (width 0.05))
    (fp_line (start -2.28 -1.12) (end 2.28 -1.12) (layer F.CrtYd) (width 0.05))
    (fp_line (start -2.28 1.12) (end -2.28 -1.12) (layer F.CrtYd) (width 0.05))
    (fp_line (start -2.285 1.135) (end 1.6 1.135) (layer F.SilkS) (width 0.12))
    (fp_line (start -2.285 -1.135) (end -2.285 1.135) (layer F.SilkS) (width 0.12))
    (fp_line (start 1.6 -1.135) (end -2.285 -1.135) (layer F.SilkS) (width 0.12))
    (fp_line (start 1.6 0.8) (end 1.6 -0.8) (layer F.Fab) (width 0.1))
    (fp_line (start -1.6 0.8) (end 1.6 0.8) (layer F.Fab) (width 0.1))
    (fp_line (start -1.6 -0.4) (end -1.6 0.8) (layer F.Fab) (width 0.1))
    (fp_line (start -1.2 -0.8) (end -1.6 -0.4) (layer F.Fab) (width 0.1))
    (fp_line (start 1.6 -0.8) (end -1.2 -0.8) (layer F.Fab) (width 0.1))
    (pad 2 smd roundrect (at 1.4 0 270) (size 1.25 1.75) (layers F.Cu F.Paste F.Mask) (roundrect_rratio 0.2)
      (net 15 "Net-(D2-Pad2)"))
    (pad 1 smd roundrect (at -1.4 0 270) (size 1.25 1.75) (layers F.Cu F.Paste F.Mask) (roundrect_rratio 0.2)
      (net 2 GND))
    (model ${KISYS3DMOD}/LED_SMD.3dshapes/LED_1206_3216Metric.wrl
      (at (xyz 0 0 0))
      (scale (xyz 1 1 1))
      (rotate (xyz 0 0 0))
    )
  )

  (module LED_SMD:LED_1206_3216Metric (layer F.Cu) (tedit 5B301BBE) (tstamp 5BBBAC4B)
    (at 107.188 58.166 270)
    (descr "LED SMD 1206 (3216 Metric), square (rectangular) end terminal, IPC_7351 nominal, (Body size source: http://www.tortai-tech.com/upload/download/2011102023233369053.pdf), generated with kicad-footprint-generator")
    (tags diode)
    (path /5BCE82A4)
    (attr smd)
    (fp_text reference D1 (at 0 0) (layer F.SilkS)
      (effects (font (size 1 1) (thickness 0.15)))
    )
    (fp_text value "LED GR" (at 0 1.82 270) (layer F.Fab)
      (effects (font (size 1 1) (thickness 0.15)))
    )
    (fp_line (start 1.6 -0.8) (end -1.2 -0.8) (layer F.Fab) (width 0.1))
    (fp_line (start -1.2 -0.8) (end -1.6 -0.4) (layer F.Fab) (width 0.1))
    (fp_line (start -1.6 -0.4) (end -1.6 0.8) (layer F.Fab) (width 0.1))
    (fp_line (start -1.6 0.8) (end 1.6 0.8) (layer F.Fab) (width 0.1))
    (fp_line (start 1.6 0.8) (end 1.6 -0.8) (layer F.Fab) (width 0.1))
    (fp_line (start 1.6 -1.135) (end -2.285 -1.135) (layer F.SilkS) (width 0.12))
    (fp_line (start -2.285 -1.135) (end -2.285 1.135) (layer F.SilkS) (width 0.12))
    (fp_line (start -2.285 1.135) (end 1.6 1.135) (layer F.SilkS) (width 0.12))
    (fp_line (start -2.28 1.12) (end -2.28 -1.12) (layer F.CrtYd) (width 0.05))
    (fp_line (start -2.28 -1.12) (end 2.28 -1.12) (layer F.CrtYd) (width 0.05))
    (fp_line (start 2.28 -1.12) (end 2.28 1.12) (layer F.CrtYd) (width 0.05))
    (fp_line (start 2.28 1.12) (end -2.28 1.12) (layer F.CrtYd) (width 0.05))
    (fp_text user %R (at 0 0 270) (layer F.Fab)
      (effects (font (size 0.8 0.8) (thickness 0.12)))
    )
    (pad 1 smd roundrect (at -1.4 0 270) (size 1.25 1.75) (layers F.Cu F.Paste F.Mask) (roundrect_rratio 0.2)
      (net 2 GND))
    (pad 2 smd roundrect (at 1.4 0 270) (size 1.25 1.75) (layers F.Cu F.Paste F.Mask) (roundrect_rratio 0.2)
      (net 14 "Net-(D1-Pad2)"))
    (model ${KISYS3DMOD}/LED_SMD.3dshapes/LED_1206_3216Metric.wrl
      (at (xyz 0 0 0))
      (scale (xyz 1 1 1))
      (rotate (xyz 0 0 0))
    )
  )

  (module Resistor_SMD:R_1206_3216Metric (layer F.Cu) (tedit 5B301BBD) (tstamp 5BBBABE9)
    (at 109.728 65.786 270)
    (descr "Resistor SMD 1206 (3216 Metric), square (rectangular) end terminal, IPC_7351 nominal, (Body size source: http://www.tortai-tech.com/upload/download/2011102023233369053.pdf), generated with kicad-footprint-generator")
    (tags resistor)
    (path /5BCB4A35)
    (attr smd)
    (fp_text reference R15 (at -3.81 0 270) (layer F.SilkS)
      (effects (font (size 1 1) (thickness 0.15)))
    )
    (fp_text value 301E (at 0 1.82 270) (layer F.Fab)
      (effects (font (size 1 1) (thickness 0.15)))
    )
    (fp_line (start -1.6 0.8) (end -1.6 -0.8) (layer F.Fab) (width 0.1))
    (fp_line (start -1.6 -0.8) (end 1.6 -0.8) (layer F.Fab) (width 0.1))
    (fp_line (start 1.6 -0.8) (end 1.6 0.8) (layer F.Fab) (width 0.1))
    (fp_line (start 1.6 0.8) (end -1.6 0.8) (layer F.Fab) (width 0.1))
    (fp_line (start -0.602064 -0.91) (end 0.602064 -0.91) (layer F.SilkS) (width 0.12))
    (fp_line (start -0.602064 0.91) (end 0.602064 0.91) (layer F.SilkS) (width 0.12))
    (fp_line (start -2.28 1.12) (end -2.28 -1.12) (layer F.CrtYd) (width 0.05))
    (fp_line (start -2.28 -1.12) (end 2.28 -1.12) (layer F.CrtYd) (width 0.05))
    (fp_line (start 2.28 -1.12) (end 2.28 1.12) (layer F.CrtYd) (width 0.05))
    (fp_line (start 2.28 1.12) (end -2.28 1.12) (layer F.CrtYd) (width 0.05))
    (fp_text user %R (at 0 0 270) (layer F.Fab)
      (effects (font (size 0.8 0.8) (thickness 0.12)))
    )
    (pad 1 smd roundrect (at -1.4 0 270) (size 1.25 1.75) (layers F.Cu F.Paste F.Mask) (roundrect_rratio 0.2)
      (net 15 "Net-(D2-Pad2)"))
    (pad 2 smd roundrect (at 1.4 0 270) (size 1.25 1.75) (layers F.Cu F.Paste F.Mask) (roundrect_rratio 0.2)
      (net 48 "Net-(R15-Pad2)"))
    (model ${KISYS3DMOD}/Resistor_SMD.3dshapes/R_1206_3216Metric.wrl
      (at (xyz 0 0 0))
      (scale (xyz 1 1 1))
      (rotate (xyz 0 0 0))
    )
  )

  (module Resistor_SMD:R_1206_3216Metric (layer F.Cu) (tedit 5B301BBD) (tstamp 5BBBABB9)
    (at 117.348 65.786 270)
    (descr "Resistor SMD 1206 (3216 Metric), square (rectangular) end terminal, IPC_7351 nominal, (Body size source: http://www.tortai-tech.com/upload/download/2011102023233369053.pdf), generated with kicad-footprint-generator")
    (tags resistor)
    (path /5BCB4D35)
    (attr smd)
    (fp_text reference R18 (at -3.81 0 270) (layer F.SilkS)
      (effects (font (size 1 1) (thickness 0.15)))
    )
    (fp_text value 301E (at 0 1.82 270) (layer F.Fab)
      (effects (font (size 1 1) (thickness 0.15)))
    )
    (fp_text user %R (at 0 0 270) (layer F.Fab)
      (effects (font (size 0.8 0.8) (thickness 0.12)))
    )
    (fp_line (start 2.28 1.12) (end -2.28 1.12) (layer F.CrtYd) (width 0.05))
    (fp_line (start 2.28 -1.12) (end 2.28 1.12) (layer F.CrtYd) (width 0.05))
    (fp_line (start -2.28 -1.12) (end 2.28 -1.12) (layer F.CrtYd) (width 0.05))
    (fp_line (start -2.28 1.12) (end -2.28 -1.12) (layer F.CrtYd) (width 0.05))
    (fp_line (start -0.602064 0.91) (end 0.602064 0.91) (layer F.SilkS) (width 0.12))
    (fp_line (start -0.602064 -0.91) (end 0.602064 -0.91) (layer F.SilkS) (width 0.12))
    (fp_line (start 1.6 0.8) (end -1.6 0.8) (layer F.Fab) (width 0.1))
    (fp_line (start 1.6 -0.8) (end 1.6 0.8) (layer F.Fab) (width 0.1))
    (fp_line (start -1.6 -0.8) (end 1.6 -0.8) (layer F.Fab) (width 0.1))
    (fp_line (start -1.6 0.8) (end -1.6 -0.8) (layer F.Fab) (width 0.1))
    (pad 2 smd roundrect (at 1.4 0 270) (size 1.25 1.75) (layers F.Cu F.Paste F.Mask) (roundrect_rratio 0.2)
      (net 51 "Net-(R18-Pad2)"))
    (pad 1 smd roundrect (at -1.4 0 270) (size 1.25 1.75) (layers F.Cu F.Paste F.Mask) (roundrect_rratio 0.2)
      (net 18 "Net-(D5-Pad2)"))
    (model ${KISYS3DMOD}/Resistor_SMD.3dshapes/R_1206_3216Metric.wrl
      (at (xyz 0 0 0))
      (scale (xyz 1 1 1))
      (rotate (xyz 0 0 0))
    )
  )

  (module Resistor_SMD:R_1206_3216Metric (layer F.Cu) (tedit 5B301BBD) (tstamp 5BBBAB89)
    (at 107.188 65.786 270)
    (descr "Resistor SMD 1206 (3216 Metric), square (rectangular) end terminal, IPC_7351 nominal, (Body size source: http://www.tortai-tech.com/upload/download/2011102023233369053.pdf), generated with kicad-footprint-generator")
    (tags resistor)
    (path /5BCB4849)
    (attr smd)
    (fp_text reference R14 (at -3.81 0 270) (layer F.SilkS)
      (effects (font (size 1 1) (thickness 0.15)))
    )
    (fp_text value 301E (at 0 1.82 270) (layer F.Fab)
      (effects (font (size 1 1) (thickness 0.15)))
    )
    (fp_line (start -1.6 0.8) (end -1.6 -0.8) (layer F.Fab) (width 0.1))
    (fp_line (start -1.6 -0.8) (end 1.6 -0.8) (layer F.Fab) (width 0.1))
    (fp_line (start 1.6 -0.8) (end 1.6 0.8) (layer F.Fab) (width 0.1))
    (fp_line (start 1.6 0.8) (end -1.6 0.8) (layer F.Fab) (width 0.1))
    (fp_line (start -0.602064 -0.91) (end 0.602064 -0.91) (layer F.SilkS) (width 0.12))
    (fp_line (start -0.602064 0.91) (end 0.602064 0.91) (layer F.SilkS) (width 0.12))
    (fp_line (start -2.28 1.12) (end -2.28 -1.12) (layer F.CrtYd) (width 0.05))
    (fp_line (start -2.28 -1.12) (end 2.28 -1.12) (layer F.CrtYd) (width 0.05))
    (fp_line (start 2.28 -1.12) (end 2.28 1.12) (layer F.CrtYd) (width 0.05))
    (fp_line (start 2.28 1.12) (end -2.28 1.12) (layer F.CrtYd) (width 0.05))
    (fp_text user %R (at 0 0 270) (layer F.Fab)
      (effects (font (size 0.8 0.8) (thickness 0.12)))
    )
    (pad 1 smd roundrect (at -1.4 0 270) (size 1.25 1.75) (layers F.Cu F.Paste F.Mask) (roundrect_rratio 0.2)
      (net 14 "Net-(D1-Pad2)"))
    (pad 2 smd roundrect (at 1.4 0 270) (size 1.25 1.75) (layers F.Cu F.Paste F.Mask) (roundrect_rratio 0.2)
      (net 47 "Net-(R14-Pad2)"))
    (model ${KISYS3DMOD}/Resistor_SMD.3dshapes/R_1206_3216Metric.wrl
      (at (xyz 0 0 0))
      (scale (xyz 1 1 1))
      (rotate (xyz 0 0 0))
    )
  )

  (module Resistor_SMD:R_1206_3216Metric (layer F.Cu) (tedit 5B301BBD) (tstamp 5BBBAA99)
    (at 114.808 65.786 270)
    (descr "Resistor SMD 1206 (3216 Metric), square (rectangular) end terminal, IPC_7351 nominal, (Body size source: http://www.tortai-tech.com/upload/download/2011102023233369053.pdf), generated with kicad-footprint-generator")
    (tags resistor)
    (path /5BCB4CD1)
    (attr smd)
    (fp_text reference R17 (at -3.81 0 270) (layer F.SilkS)
      (effects (font (size 1 1) (thickness 0.15)))
    )
    (fp_text value 301E (at 0 1.82 270) (layer F.Fab)
      (effects (font (size 1 1) (thickness 0.15)))
    )
    (fp_text user %R (at 0 0 270) (layer F.Fab)
      (effects (font (size 0.8 0.8) (thickness 0.12)))
    )
    (fp_line (start 2.28 1.12) (end -2.28 1.12) (layer F.CrtYd) (width 0.05))
    (fp_line (start 2.28 -1.12) (end 2.28 1.12) (layer F.CrtYd) (width 0.05))
    (fp_line (start -2.28 -1.12) (end 2.28 -1.12) (layer F.CrtYd) (width 0.05))
    (fp_line (start -2.28 1.12) (end -2.28 -1.12) (layer F.CrtYd) (width 0.05))
    (fp_line (start -0.602064 0.91) (end 0.602064 0.91) (layer F.SilkS) (width 0.12))
    (fp_line (start -0.602064 -0.91) (end 0.602064 -0.91) (layer F.SilkS) (width 0.12))
    (fp_line (start 1.6 0.8) (end -1.6 0.8) (layer F.Fab) (width 0.1))
    (fp_line (start 1.6 -0.8) (end 1.6 0.8) (layer F.Fab) (width 0.1))
    (fp_line (start -1.6 -0.8) (end 1.6 -0.8) (layer F.Fab) (width 0.1))
    (fp_line (start -1.6 0.8) (end -1.6 -0.8) (layer F.Fab) (width 0.1))
    (pad 2 smd roundrect (at 1.4 0 270) (size 1.25 1.75) (layers F.Cu F.Paste F.Mask) (roundrect_rratio 0.2)
      (net 50 "Net-(R17-Pad2)"))
    (pad 1 smd roundrect (at -1.4 0 270) (size 1.25 1.75) (layers F.Cu F.Paste F.Mask) (roundrect_rratio 0.2)
      (net 17 "Net-(D4-Pad2)"))
    (model ${KISYS3DMOD}/Resistor_SMD.3dshapes/R_1206_3216Metric.wrl
      (at (xyz 0 0 0))
      (scale (xyz 1 1 1))
      (rotate (xyz 0 0 0))
    )
  )

  (module Resistor_SMD:R_1206_3216Metric (layer F.Cu) (tedit 5B301BBD) (tstamp 5BBBAA69)
    (at 112.268 65.786 270)
    (descr "Resistor SMD 1206 (3216 Metric), square (rectangular) end terminal, IPC_7351 nominal, (Body size source: http://www.tortai-tech.com/upload/download/2011102023233369053.pdf), generated with kicad-footprint-generator")
    (tags resistor)
    (path /5BCB4A95)
    (attr smd)
    (fp_text reference R16 (at -3.81 0 270) (layer F.SilkS)
      (effects (font (size 1 1) (thickness 0.15)))
    )
    (fp_text value 301E (at 0 1.82 270) (layer F.Fab)
      (effects (font (size 1 1) (thickness 0.15)))
    )
    (fp_line (start -1.6 0.8) (end -1.6 -0.8) (layer F.Fab) (width 0.1))
    (fp_line (start -1.6 -0.8) (end 1.6 -0.8) (layer F.Fab) (width 0.1))
    (fp_line (start 1.6 -0.8) (end 1.6 0.8) (layer F.Fab) (width 0.1))
    (fp_line (start 1.6 0.8) (end -1.6 0.8) (layer F.Fab) (width 0.1))
    (fp_line (start -0.602064 -0.91) (end 0.602064 -0.91) (layer F.SilkS) (width 0.12))
    (fp_line (start -0.602064 0.91) (end 0.602064 0.91) (layer F.SilkS) (width 0.12))
    (fp_line (start -2.28 1.12) (end -2.28 -1.12) (layer F.CrtYd) (width 0.05))
    (fp_line (start -2.28 -1.12) (end 2.28 -1.12) (layer F.CrtYd) (width 0.05))
    (fp_line (start 2.28 -1.12) (end 2.28 1.12) (layer F.CrtYd) (width 0.05))
    (fp_line (start 2.28 1.12) (end -2.28 1.12) (layer F.CrtYd) (width 0.05))
    (fp_text user %R (at 0 0 270) (layer F.Fab)
      (effects (font (size 0.8 0.8) (thickness 0.12)))
    )
    (pad 1 smd roundrect (at -1.4 0 270) (size 1.25 1.75) (layers F.Cu F.Paste F.Mask) (roundrect_rratio 0.2)
      (net 16 "Net-(D3-Pad2)"))
    (pad 2 smd roundrect (at 1.4 0 270) (size 1.25 1.75) (layers F.Cu F.Paste F.Mask) (roundrect_rratio 0.2)
      (net 49 "Net-(R16-Pad2)"))
    (model ${KISYS3DMOD}/Resistor_SMD.3dshapes/R_1206_3216Metric.wrl
      (at (xyz 0 0 0))
      (scale (xyz 1 1 1))
      (rotate (xyz 0 0 0))
    )
  )

  (module LED_SMD:LED_1206_3216Metric (layer F.Cu) (tedit 5B301BBE) (tstamp 5BBBAA32)
    (at 114.808 58.166 270)
    (descr "LED SMD 1206 (3216 Metric), square (rectangular) end terminal, IPC_7351 nominal, (Body size source: http://www.tortai-tech.com/upload/download/2011102023233369053.pdf), generated with kicad-footprint-generator")
    (tags diode)
    (path /5BD07D84)
    (attr smd)
    (fp_text reference D4 (at 0 0) (layer F.SilkS)
      (effects (font (size 1 1) (thickness 0.15)))
    )
    (fp_text value "LED GR" (at 0 1.82 270) (layer F.Fab)
      (effects (font (size 1 1) (thickness 0.15)))
    )
    (fp_text user %R (at 0 0 270) (layer F.Fab)
      (effects (font (size 0.8 0.8) (thickness 0.12)))
    )
    (fp_line (start 2.28 1.12) (end -2.28 1.12) (layer F.CrtYd) (width 0.05))
    (fp_line (start 2.28 -1.12) (end 2.28 1.12) (layer F.CrtYd) (width 0.05))
    (fp_line (start -2.28 -1.12) (end 2.28 -1.12) (layer F.CrtYd) (width 0.05))
    (fp_line (start -2.28 1.12) (end -2.28 -1.12) (layer F.CrtYd) (width 0.05))
    (fp_line (start -2.285 1.135) (end 1.6 1.135) (layer F.SilkS) (width 0.12))
    (fp_line (start -2.285 -1.135) (end -2.285 1.135) (layer F.SilkS) (width 0.12))
    (fp_line (start 1.6 -1.135) (end -2.285 -1.135) (layer F.SilkS) (width 0.12))
    (fp_line (start 1.6 0.8) (end 1.6 -0.8) (layer F.Fab) (width 0.1))
    (fp_line (start -1.6 0.8) (end 1.6 0.8) (layer F.Fab) (width 0.1))
    (fp_line (start -1.6 -0.4) (end -1.6 0.8) (layer F.Fab) (width 0.1))
    (fp_line (start -1.2 -0.8) (end -1.6 -0.4) (layer F.Fab) (width 0.1))
    (fp_line (start 1.6 -0.8) (end -1.2 -0.8) (layer F.Fab) (width 0.1))
    (pad 2 smd roundrect (at 1.4 0 270) (size 1.25 1.75) (layers F.Cu F.Paste F.Mask) (roundrect_rratio 0.2)
      (net 17 "Net-(D4-Pad2)"))
    (pad 1 smd roundrect (at -1.4 0 270) (size 1.25 1.75) (layers F.Cu F.Paste F.Mask) (roundrect_rratio 0.2)
      (net 2 GND))
    (model ${KISYS3DMOD}/LED_SMD.3dshapes/LED_1206_3216Metric.wrl
      (at (xyz 0 0 0))
      (scale (xyz 1 1 1))
      (rotate (xyz 0 0 0))
    )
  )

  (module LED_SMD:LED_1206_3216Metric (layer F.Cu) (tedit 5B301BBE) (tstamp 5BBBA9FC)
    (at 117.348 58.166 270)
    (descr "LED SMD 1206 (3216 Metric), square (rectangular) end terminal, IPC_7351 nominal, (Body size source: http://www.tortai-tech.com/upload/download/2011102023233369053.pdf), generated with kicad-footprint-generator")
    (tags diode)
    (path /5BD07DF2)
    (attr smd)
    (fp_text reference D5 (at 0 0) (layer F.SilkS)
      (effects (font (size 1 1) (thickness 0.15)))
    )
    (fp_text value "LED GR" (at 0 1.82 270) (layer F.Fab)
      (effects (font (size 1 1) (thickness 0.15)))
    )
    (fp_line (start 1.6 -0.8) (end -1.2 -0.8) (layer F.Fab) (width 0.1))
    (fp_line (start -1.2 -0.8) (end -1.6 -0.4) (layer F.Fab) (width 0.1))
    (fp_line (start -1.6 -0.4) (end -1.6 0.8) (layer F.Fab) (width 0.1))
    (fp_line (start -1.6 0.8) (end 1.6 0.8) (layer F.Fab) (width 0.1))
    (fp_line (start 1.6 0.8) (end 1.6 -0.8) (layer F.Fab) (width 0.1))
    (fp_line (start 1.6 -1.135) (end -2.285 -1.135) (layer F.SilkS) (width 0.12))
    (fp_line (start -2.285 -1.135) (end -2.285 1.135) (layer F.SilkS) (width 0.12))
    (fp_line (start -2.285 1.135) (end 1.6 1.135) (layer F.SilkS) (width 0.12))
    (fp_line (start -2.28 1.12) (end -2.28 -1.12) (layer F.CrtYd) (width 0.05))
    (fp_line (start -2.28 -1.12) (end 2.28 -1.12) (layer F.CrtYd) (width 0.05))
    (fp_line (start 2.28 -1.12) (end 2.28 1.12) (layer F.CrtYd) (width 0.05))
    (fp_line (start 2.28 1.12) (end -2.28 1.12) (layer F.CrtYd) (width 0.05))
    (fp_text user %R (at 0 0 270) (layer F.Fab)
      (effects (font (size 0.8 0.8) (thickness 0.12)))
    )
    (pad 1 smd roundrect (at -1.4 0 270) (size 1.25 1.75) (layers F.Cu F.Paste F.Mask) (roundrect_rratio 0.2)
      (net 2 GND))
    (pad 2 smd roundrect (at 1.4 0 270) (size 1.25 1.75) (layers F.Cu F.Paste F.Mask) (roundrect_rratio 0.2)
      (net 18 "Net-(D5-Pad2)"))
    (model ${KISYS3DMOD}/LED_SMD.3dshapes/LED_1206_3216Metric.wrl
      (at (xyz 0 0 0))
      (scale (xyz 1 1 1))
      (rotate (xyz 0 0 0))
    )
  )

  (module LED_SMD:LED_1206_3216Metric (layer F.Cu) (tedit 5B301BBE) (tstamp 5BBBA9C6)
    (at 112.268 58.166 270)
    (descr "LED SMD 1206 (3216 Metric), square (rectangular) end terminal, IPC_7351 nominal, (Body size source: http://www.tortai-tech.com/upload/download/2011102023233369053.pdf), generated with kicad-footprint-generator")
    (tags diode)
    (path /5BD07D18)
    (attr smd)
    (fp_text reference D3 (at 0 0) (layer F.SilkS)
      (effects (font (size 1 1) (thickness 0.15)))
    )
    (fp_text value "LED RD" (at 0 1.82 270) (layer F.Fab)
      (effects (font (size 1 1) (thickness 0.15)))
    )
    (fp_line (start 1.6 -0.8) (end -1.2 -0.8) (layer F.Fab) (width 0.1))
    (fp_line (start -1.2 -0.8) (end -1.6 -0.4) (layer F.Fab) (width 0.1))
    (fp_line (start -1.6 -0.4) (end -1.6 0.8) (layer F.Fab) (width 0.1))
    (fp_line (start -1.6 0.8) (end 1.6 0.8) (layer F.Fab) (width 0.1))
    (fp_line (start 1.6 0.8) (end 1.6 -0.8) (layer F.Fab) (width 0.1))
    (fp_line (start 1.6 -1.135) (end -2.285 -1.135) (layer F.SilkS) (width 0.12))
    (fp_line (start -2.285 -1.135) (end -2.285 1.135) (layer F.SilkS) (width 0.12))
    (fp_line (start -2.285 1.135) (end 1.6 1.135) (layer F.SilkS) (width 0.12))
    (fp_line (start -2.28 1.12) (end -2.28 -1.12) (layer F.CrtYd) (width 0.05))
    (fp_line (start -2.28 -1.12) (end 2.28 -1.12) (layer F.CrtYd) (width 0.05))
    (fp_line (start 2.28 -1.12) (end 2.28 1.12) (layer F.CrtYd) (width 0.05))
    (fp_line (start 2.28 1.12) (end -2.28 1.12) (layer F.CrtYd) (width 0.05))
    (fp_text user %R (at 0 0 270) (layer F.Fab)
      (effects (font (size 0.8 0.8) (thickness 0.12)))
    )
    (pad 1 smd roundrect (at -1.4 0 270) (size 1.25 1.75) (layers F.Cu F.Paste F.Mask) (roundrect_rratio 0.2)
      (net 2 GND))
    (pad 2 smd roundrect (at 1.4 0 270) (size 1.25 1.75) (layers F.Cu F.Paste F.Mask) (roundrect_rratio 0.2)
      (net 16 "Net-(D3-Pad2)"))
    (model ${KISYS3DMOD}/LED_SMD.3dshapes/LED_1206_3216Metric.wrl
      (at (xyz 0 0 0))
      (scale (xyz 1 1 1))
      (rotate (xyz 0 0 0))
    )
  )

  (module Capacitor_SMD:C_1206_3216Metric (layer F.Cu) (tedit 5B301BBE) (tstamp 5BD070CA)
    (at 120.142 102.108 180)
    (descr "Capacitor SMD 1206 (3216 Metric), square (rectangular) end terminal, IPC_7351 nominal, (Body size source: http://www.tortai-tech.com/upload/download/2011102023233369053.pdf), generated with kicad-footprint-generator")
    (tags capacitor)
    (path /5BCEBE9F)
    (attr smd)
    (fp_text reference C1 (at -3.302 0 180) (layer F.SilkS)
      (effects (font (size 1 1) (thickness 0.15)))
    )
    (fp_text value 2.2u (at 0 1.82 180) (layer F.Fab)
      (effects (font (size 1 1) (thickness 0.15)))
    )
    (fp_line (start -1.6 0.8) (end -1.6 -0.8) (layer F.Fab) (width 0.1))
    (fp_line (start -1.6 -0.8) (end 1.6 -0.8) (layer F.Fab) (width 0.1))
    (fp_line (start 1.6 -0.8) (end 1.6 0.8) (layer F.Fab) (width 0.1))
    (fp_line (start 1.6 0.8) (end -1.6 0.8) (layer F.Fab) (width 0.1))
    (fp_line (start -0.602064 -0.91) (end 0.602064 -0.91) (layer F.SilkS) (width 0.12))
    (fp_line (start -0.602064 0.91) (end 0.602064 0.91) (layer F.SilkS) (width 0.12))
    (fp_line (start -2.28 1.12) (end -2.28 -1.12) (layer F.CrtYd) (width 0.05))
    (fp_line (start -2.28 -1.12) (end 2.28 -1.12) (layer F.CrtYd) (width 0.05))
    (fp_line (start 2.28 -1.12) (end 2.28 1.12) (layer F.CrtYd) (width 0.05))
    (fp_line (start 2.28 1.12) (end -2.28 1.12) (layer F.CrtYd) (width 0.05))
    (fp_text user %R (at 0 0 180) (layer F.Fab)
      (effects (font (size 0.8 0.8) (thickness 0.12)))
    )
    (pad 1 smd roundrect (at -1.4 0 180) (size 1.25 1.75) (layers F.Cu F.Paste F.Mask) (roundrect_rratio 0.2)
      (net 1 "Net-(C1-Pad1)"))
    (pad 2 smd roundrect (at 1.4 0 180) (size 1.25 1.75) (layers F.Cu F.Paste F.Mask) (roundrect_rratio 0.2)
      (net 2 GND))
    (model ${KISYS3DMOD}/Capacitor_SMD.3dshapes/C_1206_3216Metric.wrl
      (at (xyz 0 0 0))
      (scale (xyz 1 1 1))
      (rotate (xyz 0 0 0))
    )
  )

  (module Capacitor_SMD:C_1206_3216Metric (layer F.Cu) (tedit 5B301BBE) (tstamp 5BD070DB)
    (at 134.046 67.691 180)
    (descr "Capacitor SMD 1206 (3216 Metric), square (rectangular) end terminal, IPC_7351 nominal, (Body size source: http://www.tortai-tech.com/upload/download/2011102023233369053.pdf), generated with kicad-footprint-generator")
    (tags capacitor)
    (path /5BD0431B)
    (attr smd)
    (fp_text reference C2 (at 3.236 0 180) (layer F.SilkS)
      (effects (font (size 1 1) (thickness 0.15)))
    )
    (fp_text value 2.2u (at 0 1.82 180) (layer F.Fab)
      (effects (font (size 1 1) (thickness 0.15)))
    )
    (fp_text user %R (at 0 0 180) (layer F.Fab)
      (effects (font (size 0.8 0.8) (thickness 0.12)))
    )
    (fp_line (start 2.28 1.12) (end -2.28 1.12) (layer F.CrtYd) (width 0.05))
    (fp_line (start 2.28 -1.12) (end 2.28 1.12) (layer F.CrtYd) (width 0.05))
    (fp_line (start -2.28 -1.12) (end 2.28 -1.12) (layer F.CrtYd) (width 0.05))
    (fp_line (start -2.28 1.12) (end -2.28 -1.12) (layer F.CrtYd) (width 0.05))
    (fp_line (start -0.602064 0.91) (end 0.602064 0.91) (layer F.SilkS) (width 0.12))
